3746083
10791096
9923917
8874850
14200723
10987431
6704179
10040115
12398641
5725276
14200723
14200723
14200723
14200723
12398641
12398641
16247203
16247203
16247203
10791096
10791096
16776437
16776437
10066329
10066329
10066329
8874850
8874850
8874850
8874850
5001770
5001770
6579300
6579300
9923917
9923917
5000268
5000268
6704179
6704179
6704179
10987431
10987431
1644825
1644825
13742497
13742497
10040115
10505550
5000268
5000268
5000268
5000268
5000268
5000268
5000268
5000268
5000268
5000268
5000268
5000268
5000268
5000268
5000268
5000268
10066329
10066329
10066329
10066329
10066329
10066329
10066329
10066329
10066329
10066329
10066329
10066329
10066329
8874850
8874850
8874850
8874850
8874850
8874850
8874850
8874850
8874850
8874850
8874850
8874850
8874850
8874850
8874850
8874850
8874850
14200723
14200723
14200723
14200723
14200723
14200723
14200723
14200723
14200723
14200723
14200723
14200723
14200723
9923917
9923917
9923917
9923917
9923917
9923917
9923917
9923917
9923917
9923917
9923917
9923917
9923917
1644825
1644825
1644825
1644825
1644825
1644825
1644825
1644825
5001770
5001770
5001770
5001770
5001770
5001770
6579300
6579300
6579300
6579300
6579300
6579300
13742497
13742497
13742497
13742497
13742497
13742497
4993571
4993571
4993571
4993571
4993571
4993571
4993571
10987431
10987431
10987431
10987431
10987431
10987431
10987431
6704179
6704179
6704179
6704179
6704179
6704179
10040115
10040115
10040115
10040115
10040115
10040115
10040115
12398641
12398641
12398641
12398641
12398641
5725276
5725276
5725276
5725276
5725276
10791096
10791096
10791096
10791096
7368816
7368816
7368816
7368816
7368816
16247203
16247203
16247203
16247203
16776437
16776437
16776437
9321518
9321518
9321518
9321518
10505550
10505550
10505550
8476209
8476209
7367818
7367818
13092807
16777215
9787244
12223780
8014168
2430480
6035741
5000268
5000268
5000268
5000268
5000268
5000268
5000268
5000268
5000268
5000268
5000268
5000268
5000268
5000268
5000268
5000268
5000268
5000268
5000268
5000268
5000268
5000268
5000268
5000268
5000268
5000268
5000268
5000268
5000268
5000268
5000268
5000268
5000268
5000268
5000268
5000268
5000268
5000268
5000268
5000268
5000268
5000268
5000268
5000268
5000268
5000268
5000268
5000268
5000268
5000268
5000268
5000268
5000268
5000268
5000268
5000268
5000268
5000268
5000268
5000268
5000268
5000268
5000268
5000268
5000268
5000268
5000268
5000268
1644825
1644825
1644825
1644825
1644825
1644825
1644825
1644825
1644825
1644825
1644825
1644825
1644825
1644825
1644825
1644825
1644825
1644825
1644825
1644825
1644825
1644825
1644825
1644825
1644825
1644825
1644825
1644825
1644825
1644825
1644825
1644825
1644825
1644825
1644825
1644825
1644825
5001770
5001770
5001770
5001770
5001770
5001770
5001770
5001770
5001770
5001770
5001770
5001770
5001770
5001770
5001770
5001770
5001770
5001770
5001770
5001770
5001770
5001770
5001770
5001770
5001770
5001770
5001770
5001770
5001770
5001770
5001770
5001770
5001770
5001770
5001770
5001770
5001770
5001770
5001770
5001770
5001770
5001770
5001770
5001770
5001770
5001770
5001770
5001770
5001770
5001770
10066329
10066329
10066329
10066329
10066329
10066329
10066329
10066329
10066329
10066329
10066329
10066329
10066329
10066329
10066329
10066329
10066329
10066329
10066329
10066329
10066329
10066329
10066329
10066329
10066329
10066329
10066329
10066329
10066329
10066329
10066329
10066329
10066329
10066329
10066329
10066329
10066329
10066329
10066329
10066329
10066329
10066329
10066329
10066329
10066329
10066329
10066329
8874850
8874850
8874850
8874850
8874850
8874850
8874850
8874850
8874850
8874850
8874850
8874850
8874850
8874850
8874850
8874850
8874850
8874850
8874850
8874850
8874850
8874850
8874850
8874850
8874850
8874850
8874850
8874850
8874850
8874850
8874850
8874850
8874850
8874850
8874850
8874850
8874850
8874850
8874850
8874850
8874850
8874850
6579300
6579300
6579300
6579300
6579300
6579300
6579300
6579300
6579300
6579300
6579300
6579300
6579300
6579300
6579300
6579300
6579300
6579300
6579300
6579300
6579300
6579300
6579300
6579300
6579300
4993571
4993571
4993571
4993571
4993571
4993571
4993571
4993571
4993571
4993571
4993571
4993571
4993571
4993571
4993571
4993571
4993571
4993571
4993571
4993571
4993571
4993571
4993571
4993571
4993571
4993571
4993571
4993571
4993571
4993571
4993571
14200723
14200723
14200723
14200723
14200723
14200723
14200723
14200723
14200723
14200723
14200723
14200723
14200723
14200723
14200723
14200723
14200723
14200723
14200723
14200723
7368816
7368816
7368816
7368816
7368816
7368816
7368816
7368816
7368816
7368816
7368816
7368816
7368816
7368816
7368816
7368816
7368816
7368816
7368816
7368816
7368816
7368816
7368816
7368816
7368816
7368816
5725276
5725276
5725276
5725276
5725276
5725276
5725276
5725276
5725276
5725276
5725276
5725276
5725276
5725276
5725276
5725276
5725276
5725276
5725276
5725276
5725276
9923917
9923917
9923917
9923917
9923917
9923917
9923917
9923917
9923917
9923917
9923917
9923917
9923917
9923917
9923917
9923917
9923917
9923917
9923917
9923917
9923917
9923917
12223780
12223780
12223780
12223780
12223780
12223780
12223780
12223780
12223780
12223780
12223780
12223780
12223780
12223780
12223780
6704179
6704179
6704179
6704179
6704179
6704179
6704179
6704179
6704179
6704179
6704179
6704179
6704179
6704179
6704179
6704179
6704179
6704179
6704179
6704179
6704179
6704179
13742497
13742497
13742497
13742497
13742497
13742497
13742497
13742497
13742497
13742497
13742497
13742497
13742497
13742497
10987431
10987431
10987431
10987431
10987431
10987431
10987431
10987431
10987431
10987431
10987431
10987431
10987431
10987431
10987431
10987431
10987431
10987431
10987431
10987431
10987431
10987431
10987431
10987431
9787244
9787244
9787244
9787244
9787244
9787244
9787244
9787244
9787244
9787244
9787244
9787244
9787244
9787244
16247203
16247203
16247203
16247203
16247203
16247203
16247203
16247203
16247203
16247203
16247203
14188339
14188339
14188339
14188339
14188339
14188339
14188339
14188339
14188339
14188339
14188339
8476209
8476209
8476209
8476209
8476209
8476209
8476209
8476209
8476209
8476209
8476209
8476209
13092807
13092807
13092807
13092807
13092807
13092807
13092807
13092807
13092807
13092807
13092807
13092807
9321518
9321518
9321518
9321518
9321518
9321518
9321518
10040115
10040115
10040115
10040115
10040115
10040115
10040115
10040115
10040115
10040115
10505550
10505550
10505550
10505550
10505550
10505550
10505550
10505550
10505550
16776437
16776437
16776437
16776437
16776437
16776437
16776437
2430480
2430480
2430480
2430480
2430480
2430480
2430480
2430480
2430480
8014168
8014168
8014168
8014168
8014168
8014168
8014168
8014168
8014168
8014168
10791096
10791096
10791096
10791096
9402184
9402184
9402184
9402184
9402184
9402184
5013401
5013401
5013401
5013401
5013401
12398641
12398641
12398641
12398641
5647402
5647402
5647402
5647402
5647402
5647402
3837580
3837580
3837580
3837580
8365974
8365974
8365974
8365974
8365974
1474182
1474182
1474182
16777215
16777215
16777215
6724056
6724056
6724056
6035741
6035741
7367818
6780213
